GOAL: To determine what is the maximum capacity that can be reached using single instance, two and three instances and research whether the application could scale linearly.

DATA
One-server System
Server:
procs ----------memory------------swap------io----system-------cpu----
r  b  swpd   free   buff  cache   si  so   bi   bo  in   cs us sy id wa st
0  0      0 850392   8112 101236   0   0    0    0    7    5  0  0 100  0  0
0  0      0 850392   8120 101236   0   0    0    8    7    8  0  0 100  0  0
3  0      0 847916   8120 101236   0   0    0    0  209  229 73  0 27  0  0
10  0     0 842124   8120 101240   0   0    0    0  264  300 99  0  0  0  0
10  0     0 842100   8128 101232   0   0    0    4  265  289 100  0  0  0  0
10  0     0 841912   8128 101240   0   0    0    0  270  314 100  0  0  0  0
10  0     0 841944   8136 101232   0   0    0    7  265  288 100  0  0  0  0
10  0     0 841944   8136 101244   0   0    0    0  266  287 100  0  0  0  0
10  0     0 841912   8144 101244   0   0    0    4  259  274 100  0  0  0  0
10  0     0 841944   8144 101244   0   0    0    0  264  286 100  0  0  0  0
10  0     0 841944   8152 101244   0   0    0    4  268  292 100  0  0  0  0
10  0     0 841912   8152 101248   0   0    0    7  268  293 100  0  0  0  0
10  0     0 841944   8160 101248   0   0    0    4  266  289 100  0  0  0  0
10  0     0 841944   8160 101248   0   0    0    0  265  287 100  0  0  0  0
11  0     0 841912   8172 101256   0   0    1    9  260  274 100  0  0  0  0
10  0     0 841944   8180 101248   0   0    0    8  264  284 100  0  0  0  0
10  0     0 841944   8180 101260   0   0    0    3  268  291 100  0  0  0  0
0  0      0 841904   8188 101260   0   0    0    4  221  234 84  0 16  0  0
0  0      0 841900   8188 101260   0   0    0    0    6    7  0  0 100  0  0
0  0      0 841880   8196 101260   0   0    0    4   20   32  0  0 100  0  0
0  0      0 842884   8196 101260   0   0    0    0   17   31  1  0 99  0  0
0  0      0 844148   8204 101260   0   0    0    4   15   26  0  0 99  0  0
0  0      0 845424   8204 101260   0   0    0    0   15   26  0  0 100  0  0
0  0      0 845812   8212 101260   0   0    0    4   12   19  0  0 100  0  0

Client:
Number of Threads: 10.      Throughput: 2.8/sec

Two-server System
Server1:
procs -----------memory---------- ---swap-- -----io---- -system-- ------cpu-----
 r  b   swpd   free   buff  cache   si   so    bi    bo   in   cs us sy id wa st
0  0      0 846276   8232 101260    0    0     0     0    7    8  0  0 100  0  0
 0  0      0 846276   8232 101260    0    0     0     0    7    8  0  0 100  0  0
 5  0      0 846276   8232 101264    0    0     0     0  206  225 74  0 26  0  0
 4  0      0 846020   8232 101264    0    0     0     0  264  286 100  0  0  0  0
 2  0      0 844848   8240 101264    0    0     0     4  269  295 100  0  0  0  0
 1  0      0 844880   8240 101264    0    0     0     0  262  215 97  1  2  0  0
 1  0      0 844880   8248 101268    0    0     0     4  225   58 81  0 19  0  0
 1  0      0 844848   8248 101268    0    0     0     0  232   45 86  0 14  0  0
 1  0      0 845424   8256 101268    0    0     0     4  220   59 80  0 20  0  0
 1  0      0 845424   8264 101268    0    0     0     4  227   42 85  0 15  0  0
 1  0      0 845424   8264 101272    0    0     0     0  210   39 78  0 22  0  0
 0  0      0 845392   8272 101272    0    0     0     4   89   20 31  0 69  0  0
 0  0      0 845640   8272 101272    0    0     0     5   11   16  0  0 100  0  0
 0  0      0 845648   8272 101272    0    0     0     0   10   14  0  0 100  0  0

Server2:
procs -----------memory---------- ---swap-- -----io---- -system-- ------cpu-----
 r  b   swpd   free   buff  cache   si   so    bi    bo   in   cs us sy id wa st
 0  0      0 851544   8240 101116    0    0     0     4    8   10  0  0 100  0  0
 0  0      0 851544   8240 101120    0    0     0     0    7    7  0  0 100  0  0
 5  0      0 850296   8244 101220    0    0    45     0   71   79 21  0 79  0  0
 7  0      0 846668   8248 101328    0    0    27     0  268  293 100  0  0  0  0
 7  0      0 845036   8256 101320    0    0     0     5  269  297 100  0  0  0  0
 8  0      0 844112   8256 101328    0    0     0     0  268  298 100  0  0  0  0
 9  0      0 843864   8264 101332    0    0     0     4  263  283 100  0  0  0  0
 8  0      0 843584   8264 101332    0    0     0     0  264  287 100  0  0  0  0
 9  0      0 843396   8272 101332    0    0     0     4  263  286 100  0  0  0  0
 9  0      0 843428   8272 101332    0    0     0     0  264  288 100  0  0  0  0
 9  0      0 843428   8280 101332    0    0     0     4  263  282 100  0  0  0  0
 8  0      0 843396   8288 101328    0    0     0     4  263  282 99  0  0  0  1
 0  0      0 843428   8288 101336    0    0     0     3  143  143 53  0 47  0  0
 0  0      0 843304   8300 101324    0    0     1     8   15   18  0  0 100  0  0
 0  0      0 843188   8300 101344    0    0     0     0   29   55  0  0 100  0  0

Client:
Number of Threads: 10.         Throughput: 5.0/sec

Three-server System:
Server1:
procs -----------memory---------- ---swap-- -----io---- -system-- ------cpu-----
 r  b   swpd   free   buff  cache   si   so    bi    bo   in   cs us sy id wa st
0  0      0 845884   8512 101308    0    0     0     0    7    9  0  0 100  0  0
10  0      0 845884   8512 101308    0    0     0     0   49   48  4  0 96  0  0
17  0      0 841580   8512 101308    0    0     0     0  256  280 100  0  0  0  0
14  0      0 837272   8512 101308    0    0     0     0  272  300 100  0  0  0  0
15  0      0 836988   8512 101308    0    0     0     0  263  284 100  0  0  0  0
14  0      0 836124   8520 101308    0    0     0     4  269  300 99  0  0  0  1
12  0      0 835844   8520 101312    0    0     0     0  266  288 100  0  0  0  0
11  0      0 835812   8528 101312    0    0     0     4  270  301 100  0  0  0  0
11  0      0 835564   8536 101312    0    0     0     4  270  297 100  0  0  0  0
10  0      0 835292   8536 101312    0    0     0     0  267  297 100  0  0  0  0
 8  0      0 836052   8544 101316    0    0     0     4  270  304 100  0  0  0  0
 7  0      0 836728   8544 101316    0    0     0     0  268  298 100  0  0  0  0
 6  0      0 837512   8552 101316    0    0     0     4  270  304 100  0  0  0  0
 5  0      0 838172   8552 101320    0    0     0     5  272  304 100  0  0  0  0
 2  0      0 838140   8560 101320    0    0     0     8  266  287 100  0  0  0  0
 1  0      0 838832   8568 101320    0    0     0     4  263  159 95  0  5  0  0
 0  0      0 841056   8568 101320    0    0     0     4  125   54 41  0 59  0  0
 0  0      0 843072   8576 101324    0    0     0     4   21   37  0  0 100  0  0
 0  0      0 844528   8576 101324    0    0     0     0   16   27  0  0 100  0  0

Server2:
procs -----------memory---------- ---swap-- -----io---- -system-- ------cpu-----
 r  b   swpd   free   buff  cache   si   so    bi    bo   in   cs us sy id wa st
 2  0      0 845292   8552 101380    0    0    37     2   20   31  5  0 95  0  0
 0  0      0 845284   8552 101380    0    0     0     0    7    8  0  0 100  0  0
10  0      0 845284   8552 101380    0    0     0     0   75   68 12  0 88  0  0
17  0      0 841452   8552 101380    0    0     0     0  257  284 99  0  0  0  1
24  0      0 836172   8552 101380    0    0     0     0  272  297 100  0  0  0  0
21  0      0 832912   8552 101380    0    0     0     0  273  305 100  0  0  0  0
23  0      0 832504   8560 101372    0    0     0     4  266  290 99  0  0  0  1
28  0      0 831636   8560 101380    0    0     0     0  263  278 100  0  0  0  0
29  0      0 827556   8560 101384    0    0     0     0  276  310 100  0  0  0  0
29  0      0 827120   8568 101376    0    0     0     4  269  290 100  0  0  0  0
33  0      0 826344   8568 101384    0    0     0     0  264  285 100  0  0  0  0
34  0      0 824708   8576 101384    0    0     0     4  269  299 100  0  0  0  0
37  0      0 823960   8576 101384    0    0     0     0  264  288 100  0  0  0  0
39  0      0 821880   8584 101384    0    0     0     4  269  300 100  0  0  0  0
43  0      0 819872   8584 101384    0    0     0     0  267  293 100  0  0  0  0
47  0      0 817660   8592 101388    0    0     0    11  269  300 100  0  0  0  0
48  0      0 815520   8600 101380    0    0     0     4  268  296 100  0  0  0  0
47  0      0 815000   8600 101388    0    0     0     0  257  265 100  0  0  0  0
42  0      0 814936   8608 101388    0    0     0     8  257  261 100  0  0  0  0
36  0      0 814904   8608 101388    0    0     0     0  259  267 100  0  0  0  0
12  0      0 816052   8624 101392    0    0    36     2   25   36  6  0 93  0  0
 0  0      0 819520   8632 101396    0    0     0     4   61   98  0  0 100  0  0

Server3:
procs -----------memory---------- ---swap-- -----io---- -system-- ------cpu-----
 r  b   swpd   free   buff  cache   si   so    bi    bo   in   cs us sy id wa st
 2  0      0 845796   8460 101248    0    0    37     2   16   22  3  0 96  0  1
 0  0      0 845788   8460 101248    0    0     0     0    7    8  0  0 100  0  0
10  0      0 845724   8460 101248    0    0     0     0   86   84 18  0 81  0  0
16  0      0 841824   8460 101248    0    0     0     0  257  283 100  0  0  0  0
11  0      0 837980   8460 101248    0    0     0     0  269  299 100  0  0  0  0
15  0      0 837388   8460 101252    0    0     0     0  264  285 100  0  0  0  0
11  0      0 837168   8468 101252    0    0     0     4  267  301 96  0  0  0  4
 9  0      0 837200   8476 101252    0    0     0     4  264  286 100  0  0  0  0
11  0      0 836952   8476 101252    0    0     0     0  268  294 100  0  0  0  0
 9  0      0 837044   8484 101256    0    0     0     4  269  303 99  1  0  0  0
 8  0      0 837084   8484 101256    0    0     0     0  266  289 100  0  0  0  0
 7  0      0 837208   8492 101256    0    0     0     4  269  299 100  0  0  0  0
 5  0      0 838028   8500 101248    0    0     0     4  271  307 100  0  0  0  0
 5  0      0 838068   8500 101260    0    0     0     0  265  289 100  0  0  0  0
 3  0      0 839548   8508 101260    0    0     0    13  271  304 100  0  0  0  0
 1  0      0 840996   8508 101260    0    0     0     0  272  259 100  0  0  0  0
 0  0      0 841004   8516 101264    0    0     0     4  244  107 91  0  9  0  0
 0  0      0 841656   8516 101264    0    0     0     4   80   33 24  0 76  0  0
 0  0      0 843760   8524 101264    0    0     0     4   18   36  0  0 99  0  0
 0  0      0 844428   8532 101256    0    0     0     4   17   29  0  0 99  1  0

Client:
Number of Threads: 50.       Throughput: 7.6/sec

RESULT:
From the data of servers, we could see the main bottleneck is always the CPU.
From the data of client, we could see the max capacity of one-server system is 2.8/sec, two-server system is 5.0/sec, three-server system is 7.6/sec. Therefore, the capacity will not increase linearly with the increasing of server numbers.
