The baseline of one server, number of threads is 1, and the throughput is 45.035/min.
I use 90% up of CPU, and other usage is below:
procs -----------memory---------- ---swap-- -----io---- -system-- ------cpu-----
 r  b   swpd   free   buff  cache   si   so    bi    bo   in   cs us sy id wa st
 1  0      0 875480   8152  71304    0    0     0     0  254   23 96  0  4  0  0
 1  0      0 875536   8160  71308    0    0     0     5  250   14 97  0  3  0  0
 1  0      0 875536   8160  71308    0    0     0     0  249   14 96  0  4  0  0
 1  0      0 875504   8168  71308    0    0     0     4  250   14 97  0  3  0  0
 1  0      0 875536   8168  71308    0    0     0     0  249   15 96  0  4  0  0
 1  0      0 875536   8176  71308    0    0     0     4  248   13 97  0  3  0  0
 1  0      0 875536   8176  71308    0    0     0     3  246   14 95  0  5  0  0
 1  0      0 875492   8184  71308    0    0     0     7  249   14 97  0  3  0  0
 1  0      0 875512   8184  71308    0    0     0     0  243   15 94  0  6  0  0
 1  0      0 875512   8192  71308    0    0     0     8  251   15 97  0  3  0  0
 1  0      0 875424   8192  71308    0    0     0     0  249   13 96  0  4  0  0
 1  0      0 875480   8200  71308    0    0     0     5  250   14 98  0  2  0  0
 1  0      0 875512   8200  71308    0    0     0     0  243   15 93  0  7  0  0

When I use two servers, number of threads is 5, and the throughput is 1.5/sec, and the usage is below:
Server1:
procs -----------memory---------- ---swap-- -----io---- -system-- ------cpu-----
 r  b   swpd   free   buff  cache   si   so    bi    bo   in   cs us sy id wa st
 1  0      0 874336   8764  71348    0    0     0     0  253   43 99  0  1  0  0
 1  0      0 874336   8772  71352    0    0     0     4  253   18 98  0  2  0  0
 1  0      0 874336   8772  71352    0    0     0     0  252   12 99  0  1  0  0
 1  0      0 873592   8780  71352    0    0     0     9  255   24 98  0  2  0  0
 2  0      0 873592   8780  71352    0    0     0     0  255   38 100  0  0  0  0
 1  0      0 873568   8788  71352    0    0     0     4  257  133 100  0  0  0  0
 2  0      0 872884   8788  71352    0    0     0     0  256  206 100  0  0  0  0
 2  0      0 872864   8796  71352    0    0     0     4  258  222 100  0  0  0  0
 2  0      0 872864   8796  71352    0    0     0     0  255  233 100  0  0  0  0
 2  0      0 872932   8804  71352    0    0     0     4  257  244 100  0  0  0  0

 
Server2:
procs -----------memory---------- ---swap-- -----io---- -system-- ------cpu-----
 r  b   swpd   free   buff  cache   si   so    bi    bo   in   cs us sy id wa st
 2  0      0 729136   7412 214440    0    0     0     0  256  211 100  0  0  0  0
 1  0      0 729880   7420 214440    0    0     0     4  257  119 100  0  0  0  0
 1  0      0 729912   7420 214440    0    0     0     0  257   55 100  0  0  0  0
 2  0      0 729168   7428 214440    0    0     0     4  253   22 98  0  2  0  0
 1  0      0 729928   7428 214440    0    0     0     0  257   37 100  0  0  0  0
 1  0      0 730548   7436 214440    0    0     0     4  252   16 98  0  2  0  0
 1  0      0 729928   7436 214440    0    0     0     4  256   40 100  0  0  0  0
 2  0      0 729156   7444 214440    0    0     0     4  257  156 100  0  0  0  0
 2  0      0 729112   7444 214440    0    0     0     0  257  213 100  0  0  0  0
 1  0      0 729920   7452 214440    0    0     0     4  257  244 100  0  0  0  0



When I use three server, number of threads is 15, and the throughput is 2.9/sec, the usage is below:
Server1:
procs -----------memory---------- ---swap-- -----io---- -system-- ------cpu-----
 r  b   swpd   free   buff  cache   si   so    bi    bo   in   cs us sy id wa st
 2  0      0 723864   9420 215320    0    0     0     0  256  131 100  0  0  0  0
 1  0      0 725880   9428 215320    0    0     0     4  232   46 90  0 10  0  0
 1  0      0 725880   9428 215320    0    0     0     3  251   16 97  0  3  0  0
 1  0      0 726204   9436 215320    0    0     0     8  223   25 85  0 15  0  0
 1  0      0 726260   9436 215320    0    0     0     0  252   13 98  0  1  0  0
 1  0      0 726260   9444 215324    0    0     0     8  251   17 96  0  3  0  0
 1  0      0 726260   9444 215324    0    0     0     0  207   11 81  0 19  0  0
 1  0      0 726228   9452 215324    0    0     0     4  191   14 74  0 26  0  0
 2  0      0 724368   9452 215324    0    0     0     0  245   42 94  0  5  0  0
 1  0      0 725732   9460 215324    0    0     0     4  248   65 97  0  3  0  0
 1  0      0 725800   9460 215324    0    0     0     0  248   13 96  0  3  0  0
 1  0      0 725732   9468 215324    0    0     0     4  243   20 94  0  6  0  0
Server2:
procs -----------memory---------- ---swap-- -----io---- -system-- ------cpu-----
 r  b   swpd   free   buff  cache   si   so    bi    bo   in   cs us sy id wa st
 5  0      0 719200   9364 215316    0    0     0     0  257  266 99  1  0  0  0
 4  0      0 720620   9372 215316    0    0     0     4  260  265 100  0  0  0  0
 5  0      0 719200   9372 215316    0    0     0     0  255  262 100  0  0  0  0
 3  0      0 721340   9380 215316    0    0     0     5  258  263 100  0  0  0  0
 4  0      0 720496   9380 215316    0    0     0     0  254  258 100  0  0  0  0
 3  0      0 721772   9388 215316    0    0     0     4  259  264 100  0  0  0  0
 2  0      0 722564   9396 215308    0    0     0     4  257  261 100  0  0  0  0
 3  0      0 721860   9396 215320    0    0     0     0  259  268 100  0  0  0  0

Server3:
procs -----------memory---------- ---swap-- -----io---- -system-- ------cpu-----
 r  b   swpd   free   buff  cache   si   so    bi    bo   in   cs us sy id wa st
 5  0      0 713784  10440 220324    0    0     0     4  243  244 91  0  0  0  9
 5  0      0 712728  10440 220332    0    0     0     0  249  253 91  0  0  0  9
 5  0      0 713404  10440 220336    0    0     0     0  242  242 91  0  0  0  9
 7  0      0 710172  10448 220336    0    0     0     7  248  254 91  0  0  0  9
 6  0      0 711468  10448 220336    0    0     0     0  243  245 91  0  0  0  9
 7  0      0 710172  10456 220336    0    0     0     8  243  245 92  0  0  0  8
 7  0      0 709668  10456 220336    0    0     0     0  248  253 92  0  0  0  8
 7  0      0 709668  10464 220336    0    0     0     4  244  247 91  0  0  0  9
 8  0      0 708280  10464 220336    0    0     0     4  247  251 91  0  0  0  9

Through the result(throughput of one server is 45.035/min, throughput of two server is 1.5/sec, throughput of three server is 2.9/sec), we can know that our app can scale linearly.
